100, 10, 10, 1
0 0 -2.28398
0 1 1.19156
0 2 -3.59214
0 3 3.65729
0 4 -0.785579
0 5 -0.240189
0 6 -1.94909
0 7 -13.253
0 8 1.84081
0 9 1.93479
0 10 1.53193
0 11 -4.28775
0 12 1.44075
0 13 0.570453
0 14 2.59056
0 15 -1.2686
0 16 -1.16208
0 17 2.19983
0 18 -2.42408
0 19 6.21229
0 20 0.56184
0 21 -8.2281
0 22 3.01637
0 23 -0.921617
0 24 3.53651
0 25 -9.96068
0 26 -0.930098
0 27 -1.45631
0 28 -3.62641
0 29 2.08687
0 30 -2.32206
0 31 -1.70834
0 32 4.49716
0 33 -1.80383
0 34 -3.28553
0 35 2.366
0 36 -9.04915
0 37 -1.86251
0 38 -0.031785
0 39 1.13747
0 40 5.38773
0 41 -5.46173
0 42 3.59553
0 43 2.36296
0 44 -0.0603866
0 45 -2.72614
0 46 -8.7739
0 47 -3.19564
0 48 -4.06616
0 49 0.395023
0 50 0.961545
0 51 -3.96657
0 52 0.17121
0 53 4.66915
0 54 -1.69529
0 55 -3.95067
0 56 2.0213
0 57 -7.27868
0 58 -0.479989
0 59 1.95234
0 60 -3.04473
0 61 -11.2381
0 62 5.11768
0 63 -5.1845
0 64 1.24623
0 65 3.4737
0 66 -7.57586
0 67 4.6932
0 68 -2.1594
0 69 1.51995
0 70 -2.38351
0 71 -6.43061
0 72 5.44172
0 73 6.74826
0 74 4.76679
0 75 -4.61385
0 76 4.17068
0 77 -3.27446
0 78 5.6796
0 79 -2.93978
0 80 -2.0445
0 81 -0.109222
0 82 -5.68854
0 83 0.716626
0 84 -1.44906
0 85 -6.81204
0 86 10.1597
0 87 7.40206
0 88 0.333879
0 89 3.87009
0 90 -0.248117
0 91 -3.00765
0 92 -4.69096
0 93 0.8099
0 94 -4.2525
0 95 -1.04015
0 96 -1.04771
0 97 7.83706
0 98 3.02589
0 99 -0.950623
0 100 0.876223
0 101 -7.23637
0 102 -0.151404
0 103 -0.196765
0 104 2.98826
0 105 -8.85864
0 106 -5.99259
0 107 3.1868
0 108 -3.01829
0 109 1.40461
0 110 2.46711
0 111 0.43538
0 112 1.36364
0 113 -1.19536
0 114 -1.73472
0 115 5.52346
0 116 -2.01222
0 117 -7.77608
0 118 -2.88113
0 119 0.550503
0 120 4.94917
0 121 1.93846
0 122 3.80427
0 123 1.60337
0 124 -1.14257
0 125 8.71952
0 126 -5.32327
0 127 3.17993
0 128 0.14138
0 129 9.96371
0 130 -0.374964
0 131 1.17339
0 132 -3.47372
0 133 1.12884
0 134 -0.121648
0 135 3.93116
0 136 0.93548
0 137 3.64638
0 138 4.32695
0 139 9.47848
0 140 -2.6314
0 141 3.10957
0 142 -6.83997
0 143 3.11543
0 144 1.96491
0 145 -1.48385
0 146 -3.8266
0 147 -4.37183
0 148 -10.2104
0 149 6.65555
0 150 6.996
0 151 4.23157
0 152 0.255537
0 153 -6.9331
0 154 -1.59471
0 155 0.227371
0 156 -1.38607
0 157 -4.71527
0 158 -5.83695
0 159 -3.33413
0 160 -3.4267
0 161 -1.45672
0 162 -3.06601
0 163 7.27681
0 164 0.59702
0 165 4.73664
0 166 1.52873
0 167 -5.32586
0 168 -1.64318
0 169 -10.0061
0 170 -1.85736
0 171 1.85614
0 172 -1.46572
0 173 2.5272
0 174 -2.03766
0 175 -5.29516
0 176 4.30914
0 177 -3.68256
0 178 8.10169
0 179 -0.741701
0 180 0.921789
0 181 2.22469
0 182 2.5939
0 183 -3.51452
0 184 -3.00622
0 185 0.652527
0 186 4.33206
0 187 0.503461
0 188 0.855089
0 189 -3.15737
0 190 -3.37452
0 191 -3.66918
0 192 1.19051
0 193 4.49654
0 194 -2.95138
0 195 -2.83552
0 196 -5.57903
0 197 1.40222
0 198 -0.950831
0 199 2.77295
0 200 -1.87935
0 201 3.1911
0 202 -1.68237
0 203 -9.58259
0 204 6.23719
0 205 -2.22467
0 206 -3.48979
0 207 -6.30428
0 208 -3.16716
0 209 -3.8148
0 210 3.11808
0 211 1.96691
0 212 3.47193
0 213 -1.1044
0 214 -7.41173
0 215 -7.89262
0 216 3.96408
0 217 -6.51303
0 218 1.24993
0 219 11.0274
0 220 -3.11374
0 221 3.07666
0 222 3.69939
0 223 5.92859
0 224 -3.29422
0 225 0.690327
0 226 -2.89105
0 227 -2.17926
0 228 -1.33454
0 229 6.64162
0 230 2.01098
0 231 -2.15326
0 232 5.6043
0 233 0.68908
0 234 -2.51161
0 235 -3.12447
0 236 -3.68363
0 237 -3.95999
0 238 -5.73754
0 239 4.47392
0 240 4.80418
0 241 -1.19712
0 242 2.49074
0 243 6.66614
0 244 -1.77212
0 245 2.91733
0 246 5.26631
0 247 0.238411
0 248 4.65712
0 249 1.53052
0 250 0.282603
0 251 4.57576
0 252 -1.53212
0 253 6.15877
0 254 -2.45266
0 255 -9.19035
0 256 -2.64399
0 257 -3.27768
0 258 1.49566
0 259 4.43721
0 260 9.72622
0 261 9.5442
0 262 0.275214
0 263 5.685
0 264 0.487161
0 265 -1.74388
0 266 -2.92072
0 267 -2.66382
0 268 0.477999
0 269 5.37651
0 270 -6.12632
0 271 3.15275
0 272 0.97693
0 273 -3.58921
0 274 -0.76453
0 275 6.55745
0 276 4.59173
0 277 0.102458
0 278 5.65035
0 279 -5.62632
0 280 -2.48011
0 281 -6.19879
0 282 6.48108
0 283 -6.17073
0 284 1.12013
0 285 0.172519
0 286 -2.72836
0 287 3.59613
0 288 1.42485
0 289 -1.50225
0 290 -0.331156
0 291 -5.06015
0 292 -1.88359
0 293 6.27429
0 294 -3.71995
0 295 4.28829
0 296 -2.83574
0 297 -6.55264
0 298 -1.83343
0 299 0.740971
0 300 -2.58876
0 301 7.22836
0 302 2.2215
0 303 8.48853
0 304 1.18716
0 305 -5.00707
0 306 -1.4083
0 307 -4.71321
0 308 -6.93958
0 309 0.511307
0 310 -6.18594
0 311 5.62443
0 312 -3.51967
0 313 5.06012
0 314 -0.628938
0 315 0.39926
0 316 -0.979989
0 317 -4.43903
0 318 -3.56639
0 319 -5.6779
0 320 0.46223
0 321 -1.48592
0 322 4.82017
0 323 11.262
0 324 -5.31581
0 325 1.73758
0 326 1.54362
0 327 0.564276
0 328 6.17591
0 329 -1.40402
0 330 -1.33697
0 331 -0.534722
0 332 3.09077
0 333 3.95275
0 334 -2.99054
0 335 -0.60448
0 336 6.02071
0 337 -4.55134
0 338 -1.14851
0 339 -0.588538
0 340 -2.50182
0 341 3.68933
0 342 -4.36267
0 343 -4.96575
0 344 0.657615
0 345 0.323777
0 346 -4.9201
0 347 0.864274
0 348 -4.87086
0 349 -5.80738
0 350 1.36273
0 351 0.662403
0 352 -1.89043
0 353 -3.29025
0 354 3.42884
0 355 -7.09565
0 356 4.48203
0 357 -1.94719
0 358 -5.89049
0 359 0.380482
0 360 -5.68243
0 361 -12.1746
0 362 -2.28411
0 363 4.67505
0 364 -1.15294
0 365 -8.10479
0 366 -5.88836
0 367 0.513256
0 368 -3.16579
0 369 -1.60221
0 370 4.16369
0 371 -5.21727
0 372 2.76844
0 373 4.01979
0 374 2.38474
0 375 4.99255
0 376 4.94803
0 377 5.05451
0 378 -7.91117
0 379 2.28913
0 380 -2.26661
0 381 -4.24817
0 382 2.42776
0 383 -5.89704
0 384 -0.241444
0 385 -6.10566
0 386 -2.09803
0 387 1.60744
0 388 3.73527
0 389 1.73826
0 390 2.26164
0 391 2.08248
0 392 -4.89687
0 393 4.29667
0 394 -4.73569
0 395 -9.00448
0 396 -1.74579
0 397 -1.05594
0 398 -1.30259
0 399 2.346
0 400 1.25524
0 401 -1.34933
0 402 7.42105
0 403 -6.95881
0 404 -3.8378
0 405 1.74639
0 406 1.51384
0 407 3.0248
0 408 -6.50095
0 409 1.9338
0 410 -6.3872
0 411 -6.58227
0 412 1.30949
0 413 -3.1778
0 414 0.0546194
0 415 -1.98955
0 416 -3.51135
0 417 -5.27089
0 418 -7.65884
0 419 -7.12867
0 420 5.69889
0 421 7.3043
0 422 -2.85711
0 423 -2.46136
0 424 5.90615
0 425 0.402784
0 426 0.843481
0 427 0.719813
0 428 9.01588
0 429 -4.36755
0 430 3.74692
0 431 -2.23736
0 432 -1.5166
0 433 -0.414123
0 434 1.94299
0 435 2.62324
0 436 -1.00907
0 437 0.54844
0 438 1.61338
0 439 -4.35196
0 440 -0.726133
0 441 -1.97861
0 442 -2.46319
0 443 -0.922065
0 444 6.66981
0 445 8.57059
0 446 1.15478
0 447 -5.26653
0 448 -5.07634
0 449 2.84521
0 450 -1.84107
0 451 9.01789
0 452 -4.06229
0 453 1.43859
0 454 -2.90404
0 455 -3.62082
0 456 8.30806
0 457 -4.75858
0 458 4.60221
0 459 -0.176801
0 460 2.42393
0 461 -0.703708
0 462 2.69676
0 463 -4.46945
0 464 1.77586
0 465 8.34269
0 466 -7.35435
0 467 -3.77694
0 468 -4.50919
0 469 -2.12089
0 470 -2.73157
0 471 -4.14632
0 472 -2.11511
0 473 -3.3837
0 474 7.22244
0 475 5.05772
0 476 -4.69551
0 477 6.87803
0 478 -0.790726
0 479 1.37676
0 480 7.39231
0 481 -6.92266
0 482 -4.56824
0 483 4.13458
0 484 -1.03741
0 485 1.27505
0 486 0.0366562
0 487 -4.13803
0 488 2.56401
0 489 4.81981
0 490 -0.104996
0 491 2.71081
0 492 -1.92201
0 493 2.48147
0 494 2.46638
0 495 -3.69808
0 496 -2.12198
0 497 -1.12726
0 498 2.93973
0 499 -2.76385
0 500 -3.04933
0 501 -2.87046
0 502 1.39296
0 503 5.09143
0 504 0.00725295
0 505 5.48517
0 506 0.294917
0 507 3.62026
0 508 6.51054
0 509 3.17713
0 510 -5.38392
0 511 0.565164
0 512 2.38863
0 513 -1.52693
0 514 0.977065
0 515 4.78617
0 516 4.93768
0 517 1.10566
0 518 3.99556
0 519 2.64195
0 520 0.23911
0 521 4.72068
0 522 0.306976
0 523 -10.4857
0 524 7.2648
0 525 1.22729
0 526 -7.34773
0 527 -3.1155
0 528 5.06397
0 529 0.243801
0 530 -4.00629
0 531 -15.315
0 532 4.5133
0 533 -5.66149
0 534 -3.99119
0 535 -14.2133
0 536 -2.67605
0 537 8.01587
0 538 -0.961514
0 539 -3.21242
0 540 -4.00263
0 541 2.60456
0 542 4.52254
0 543 3.18563
0 544 2.68672
0 545 1.11704
0 546 5.58031
0 547 4.83407
0 548 0.133385
0 549 3.05365
0 550 7.67168
0 551 4.44208
0 552 6.65823
0 553 -0.319239
0 554 -4.74337
0 555 -0.541293
0 556 12.7795
0 557 6.20066
0 558 -2.97503
0 559 2.52108
0 560 -2.29008
0 561 5.09762
0 562 2.68172
0 563 2.71809
0 564 4.84755
0 565 4.09937
0 566 -5.51849
0 567 0.851186
0 568 -1.73166
0 569 -1.84318
0 570 -0.860726
0 571 -3.48857
0 572 6.22042
0 573 2.93087
0 574 3.72636
0 575 -6.34843
0 576 3.25545
0 577 3.81815
0 578 -4.62903
0 579 -0.266927
0 580 6.84896
0 581 1.52567
0 582 -4.82975
0 583 1.25203
0 584 -0.461557
0 585 0.184201
0 586 0.219577
0 587 -1.49773
0 588 -5.08518
0 589 -1.55282
0 590 -0.435629
0 591 -4.96869
0 592 7.81602
0 593 5.44969
0 594 3.6759
0 595 -1.51624
0 596 2.39777
0 597 4.51708
0 598 -1.56746
0 599 1.36608
0 600 1.61317
0 601 -6.06674
0 602 5.33473
0 603 -0.363948
0 604 -8.07658
0 605 7.83032
0 606 -3.73398
0 607 2.83337
0 608 3.2954
0 609 -3.40394
0 610 3.85969
0 611 2.64249
0 612 -6.25203
0 613 1.30284
0 614 -1.04128
0 615 6.01326
0 616 5.64388
0 617 -4.5613
0 618 -0.402287
0 619 2.8772
0 620 -3.91424
0 621 -0.66444
0 622 -3.88071
0 623 -3.74054
0 624 0.0206537
0 625 2.54703
0 626 2.69865
0 627 6.29515
0 628 8.04888
0 629 3.921
0 630 -6.68866
0 631 0.451063
0 632 -6.31375
0 633 -0.614747
0 634 -1.29193
0 635 -4.34072
0 636 1.08207
0 637 0.166209
0 638 -8.58134
0 639 -3.35385
0 640 0.478527
0 641 3.70852
0 642 0.73849
0 643 -1.56232
0 644 -5.61474
0 645 -0.546698
0 646 -3.76375
0 647 -3.32644
0 648 3.37029
0 649 -7.50699
0 650 -5.30925
0 651 -13.1812
0 652 -3.99228
0 653 -4.24091
0 654 4.48956
0 655 5.60375
0 656 -3.27219
0 657 -3.86056
0 658 0.0151788
0 659 -1.72404
0 660 1.90051
0 661 4.50043
0 662 5.89336
0 663 -2.19718
0 664 5.04211
0 665 -3.18599
0 666 -3.44297
0 667 1.89364
0 668 -2.91029
0 669 2.28329
0 670 -3.59309
0 671 -2.24577
0 672 3.01511
0 673 -0.616359
0 674 6.36349
0 675 -8.09379
0 676 5.85464
0 677 8.64746
0 678 -0.286713
0 679 3.94958
0 680 -5.64142
0 681 -7.74507
0 682 -1.95823
0 683 -2.8893
0 684 -0.871603
0 685 2.4895
0 686 10.1061
0 687 0.373068
0 688 2.96332
0 689 4.50918
0 690 8.96711
0 691 1.05264
0 692 -0.0211489
0 693 -1.79411
0 694 -2.32127
0 695 -0.515764
0 696 7.77835
0 697 -4.89634
0 698 -4.41032
0 699 2.44071
0 700 -7.78927
0 701 2.50114
0 702 -7.9756
0 703 -3.72586
0 704 5.54854
0 705 -3.57151
0 706 -4.3202
0 707 4.5799
0 708 -0.125854
0 709 1.36367
0 710 -1.81721
0 711 -6.35375
0 712 7.61557
0 713 -6.51128
0 714 -0.0493351
0 715 -3.63992
0 716 3.96796
0 717 -1.12523
0 718 -4.77924
0 719 -0.330175
0 720 0.186857
0 721 -12.6822
0 722 -11.5822
0 723 5.82423
0 724 -2.82914
0 725 -2.07406
0 726 3.94904
0 727 -5.18736
0 728 -0.385711
0 729 -13.8092
0 730 1.35578
0 731 0.635254
0 732 2.20989
0 733 -3.95536
0 734 2.27672
0 735 3.49746
0 736 4.10637
0 737 -3.93107
0 738 3.30689
0 739 2.16134
0 740 3.12175
0 741 -3.56777
0 742 -1.27015
0 743 0.118858
0 744 -4.90709
0 745 3.94265
0 746 -4.80791
0 747 2.24521
0 748 -3.1949
0 749 -0.814063
0 750 4.28323
0 751 -2.40913
0 752 -2.66099
0 753 10.7384
0 754 2.79398
0 755 1.24679
0 756 1.8947
0 757 1.26072
0 758 0.0844767
0 759 4.72935
0 760 -6.15379
0 761 -2.48733
0 762 -3.03004
0 763 0.818093
0 764 -7.28787
0 765 -0.165133
0 766 11.5107
0 767 -1.67043
0 768 2.18695
0 769 0.0430743
0 770 -7.6272
0 771 7.48972
0 772 1.01847
0 773 10.4751
0 774 -10.0284
0 775 0.699148
0 776 -4.81048
0 777 -3.66719
0 778 -3.45666
0 779 -0.989308
0 780 5.68949
0 781 -1.93171
0 782 7.8279
0 783 -0.140855
0 784 -8.63358
0 785 5.24828
0 786 1.12969
0 787 4.04089
0 788 3.23643
0 789 8.52007
0 790 -0.915466
0 791 -1.32019
0 792 3.56755
0 793 -2.29995
0 794 2.91341
0 795 5.58446
0 796 0.00468708
0 797 6.28405
0 798 8.65417
0 799 -3.29155
0 800 3.69111
0 801 -5.45886
0 802 -0.33805
0 803 -1.69686
0 804 -0.585816
0 805 0.769431
0 806 -3.98393
0 807 -3.21832
0 808 6.14415
0 809 -9.67422
0 810 -3.5329
0 811 -10.5568
0 812 5.47111
0 813 -0.908456
0 814 -9.64123
0 815 0.561946
0 816 -3.84462
0 817 -1.26104
0 818 3.87047
0 819 2.29158
0 820 8.19882
0 821 3.62348
0 822 -1.7067
0 823 -0.669406
0 824 3.02315
0 825 -3.4104
0 826 12.7749
0 827 -1.96967
0 828 -3.95787
0 829 5.03073
0 830 -0.349892
0 831 0.0844485
0 832 -0.116468
0 833 1.81274
0 834 -5.90691
0 835 -4.62374
0 836 6.07882
0 837 -6.31665
0 838 1.35551
0 839 5.49397
0 840 -4.30469
0 841 -1.57303
0 842 -4.30124
0 843 2.21288
0 844 -3.48809
0 845 0.651975
0 846 1.55812
0 847 3.94474
0 848 1.96016
0 849 1.39441
0 850 2.00252
0 851 0.109137
0 852 -4.34517
0 853 4.18855
0 854 -2.78319
0 855 -1.82199
0 856 7.77906
0 857 -3.88302
0 858 1.38159
0 859 -3.93594
0 860 7.51291
0 861 -2.46095
0 862 -1.82087
0 863 0.864066
0 864 4.55319
0 865 1.92939
0 866 -5.11574
0 867 9.60268
0 868 -2.32305
0 869 2.56533
0 870 4.86777
0 871 -0.0772382
0 872 -7.25917
0 873 11.5708
0 874 -0.813849
0 875 -0.74182
0 876 3.48552
0 877 5.8667
0 878 -3.06342
0 879 3.18853
0 880 5.63631
0 881 0.0271569
0 882 3.37463
0 883 2.18152
0 884 -2.72641
0 885 5.11075
0 886 4.58443
0 887 -0.929515
0 888 5.83009
0 889 1.15645
0 890 1.20433
0 891 -0.526256
0 892 1.17046
0 893 3.67764
0 894 3.6602
0 895 -8.63991
0 896 4.21065
0 897 -5.45609
0 898 4.67987
0 899 5.4968
0 900 -4.97879
0 901 3.66431
0 902 0.553465
0 903 -3.1977
0 904 4.39973
0 905 5.22647
0 906 -1.15674
0 907 5.81384
0 908 -2.15124
0 909 -7.92823
0 910 -3.99752
0 911 -3.14245
0 912 2.79472
0 913 3.93768
0 914 -5.7744
0 915 1.11364
0 916 -4.05007
0 917 8.11743
0 918 4.29951
0 919 -4.35234
0 920 5.0508
0 921 4.41838
0 922 1.00419
0 923 -5.3966
0 924 -2.94442
0 925 0.936145
0 926 1.51183
0 927 -3.18445
0 928 3.42915
0 929 0.267559
0 930 -0.343828
0 931 1.62691
0 932 -6.32378
0 933 -3.75365
0 934 -4.40216
0 935 1.13797
0 936 -3.00454
0 937 -3.06746
0 938 -3.83766
0 939 6.56522
0 940 -0.389553
0 941 -0.0491126
0 942 3.42189
0 943 0.902428
0 944 5.42113
0 945 -5.601
0 946 -1.67522
0 947 -4.07493
0 948 -1.87795
0 949 -2.52147
0 950 -5.81697
0 951 -5.75881
0 952 -9.36373
0 953 -1.74168
0 954 3.64425
0 955 -0.503948
0 956 1.87695
0 957 -3.26457
0 958 1.15483
0 959 -3.53795
0 960 0.27301
0 961 0.28752
0 962 0.306951
0 963 4.08498
0 964 6.50038
0 965 -6.41516
0 966 -2.41549
0 967 -6.66796
0 968 1.46319
0 969 0.739975
0 970 -8.13169
0 971 -2.58775
0 972 4.37479
0 973 -0.665543
0 974 -6.07691
0 975 1.6258
0 976 -3.3246
0 977 -10.2308
0 978 -4.44472
0 979 0.907338
0 980 6.34288
0 981 4.54065
0 982 -5.6896
0 983 -1.50033
0 984 -6.24726
0 985 -3.74475
0 986 -3.36596
0 987 8.61864
0 988 4.20821
0 989 -6.26646
0 990 0.211224
0 991 -3.35601
0 992 -1.26678
0 993 1.98265
0 994 2.68971
0 995 5.39676
0 996 -3.71962
0 997 -3.42612
0 998 2.92114
0 999 -6.38379
1 0 -2.72485
1 1 6.90127
1 2 -3.16581
1 3 -4.01711
1 4 2.95127
1 5 9.5869
1 6 3.42107
1 7 -4.39972
1 8 0.153083
1 9 -11.8753
1 10 -5.73214
1 11 1.32898
1 12 -8.73333
1 13 1.03861
1 14 2.55437
1 15 -0.123278
1 16 6.2183
1 17 -2.56332
1 18 1.99015
1 19 2.74767
1 20 2.37205
1 21 -3.68859
1 22 -1.77155
1 23 3.60211
1 24 0.363038
1 25 -1.78479
1 26 -1.34596
1 27 0.797449
1 28 1.07601
1 29 3.83618
1 30 3.51799
1 31 0.537007
1 32 -5.71525
1 33 1.20943
1 34 1.08021
1 35 6.89013
1 36 -2.95757
1 37 3.83902
1 38 -1.04813
1 39 11.7096
1 40 10.0801
1 41 -0.133329
1 42 -1.23865
1 43 -0.527833
1 44 -1.23387
1 45 -3.56646
1 46 -7.40576
1 47 3.67065
1 48 7.64874
1 49 6.40584
1 50 -1.2518
1 51 6.34378
1 52 -10.3985
1 53 -6.29011
1 54 3.05203
1 55 -3.96488
1 56 1.07803
1 57 -0.651183
1 58 1.49058
1 59 -2.64415
1 60 6.50171
1 61 5.43391
1 62 -11.7081
1 63 10.1513
1 64 1.64659
1 65 -2.35246
1 66 -2.62075
1 67 10.13
1 68 -1.91745
1 69 0.214694
1 70 -4.15153
1 71 2.42554
1 72 4.36226
1 73 -6.15032
1 74 -5.33562
1 75 4.40546
1 76 8.98975
1 77 -2.14661
1 78 3.59865
1 79 -12.0717
1 80 1.01622
1 81 -1.44604
1 82 -3.87445
1 83 2.64597
1 84 6.23298
1 85 0.472227
1 86 4.60238
1 87 -7.48555
1 88 -3.27405
1 89 7.94504
1 90 -4.54634
1 91 -1.69036
1 92 -3.79663
1 93 -6.0876
1 94 0.575185
1 95 -3.5045
1 96 3.14946
1 97 -2.40597
1 98 5.06974
1 99 3.40356
2 0 -0.0469136
2 1 9.23723
2 2 -2.40164
2 3 -2.33592
2 4 -15.2897
2 5 0.789468
2 6 5.42779
2 7 1.37257
2 8 4.95219
2 9 3.92004
-
0 0 -0.095085
0 1 -0.629252
0 2 -0.271995
0 3 -0.742743
0 4 1.23016
0 5 -5.21188
0 6 0.973508
0 7 -3.87432
0 8 -5.31407
0 9 6.11778
0 10 -1.86611
0 11 12.126
0 12 -6.99844
0 13 -2.87437
0 14 -6.49887
0 15 4.94729
0 16 8.26186
0 17 2.5993
0 18 -0.0330247
0 19 -0.301803
0 20 -0.68489
0 21 -2.6904
0 22 -0.2407
0 23 4.52332
0 24 -0.834318
0 25 -1.5682
0 26 -1.56507
0 27 -2.46769
0 28 -7.22343
0 29 -3.6874
0 30 -3.99949
0 31 5.04129
0 32 5.7532
0 33 3.10693
0 34 6.30786
0 35 -6.47433
0 36 -0.770453
0 37 5.19975
0 38 2.7427
0 39 -10.2594
0 40 7.41013
0 41 -10.5606
0 42 -0.0814162
0 43 -0.456254
0 44 -3.82937
0 45 -3.09002
0 46 -4.72711
0 47 5.82571
0 48 1.48486
0 49 1.47548
0 50 1.92903
0 51 -2.58548
0 52 -0.657543
0 53 -3.33697
0 54 -0.0964037
0 55 -0.414004
0 56 1.46934
0 57 -1.53091
0 58 0.101735
0 59 0.585766
0 60 9.47483
0 61 4.20871
0 62 8.84869
0 63 -3.61237
0 64 -0.647023
0 65 7.53777
0 66 -2.11618
0 67 -3.81857
0 68 7.59654
0 69 -5.54177
0 70 8.25962
0 71 9.79221
0 72 -2.60585
0 73 5.57378
0 74 -0.845899
0 75 -1.58616
0 76 -1.31553
0 77 4.6103
0 78 -3.8822
0 79 3.89302
0 80 7.84669
0 81 -5.66013
0 82 -2.61305
0 83 7.52477
0 84 -2.2349
0 85 -1.87515
0 86 0.264794
0 87 -9.09994
0 88 -1.78787
0 89 -3.74124
0 90 -3.29434
0 91 1.46212
0 92 -6.10534
0 93 5.54333
0 94 2.50237
0 95 1.55895
0 96 0.421078
0 97 0.566885
0 98 3.99704
0 99 -0.103397
1 0 3.60146
1 1 -1.41681
1 2 -3.12878
1 3 -1.37707
1 4 -5.85478
1 5 -9.09804
1 6 -3.69557
1 7 -1.47481
1 8 4.90121
1 9 8.77677
2 0 -4.34935
2 1 1.31444
2 2 -3.09913
2 3 -3.90707
2 4 -4.66135
2 5 -2.93322
2 6 3.38867
2 7 4.96385
2 8 4.74245
2 9 3.77243
3 0 1.35088
