rectangle
0000000000
0000000000
0011111000
0010001000
0010001000
0010001000
0010001000
0011111000
0000000000
0000000000
rectangle
0000000000
0000000000
0011111100
0010000100
0010000100
0010000010
0010000010
0011000010
0000111110
0000000000
rectangle
0001100000
0001111111
0001000001
0001000000
0000000010
0001000010
0001000010
0011000010
0001111110
0000000000
rectangle
0000000000
0000000000
0000000000
0001111011
0001000001
0001000001
0001000001
0001000001
0001000001
0001111111
rectangle
0000000000
0001111110
0001000010
0001000010
0001000010
0001000010
0001000000
0001000010
0001111010
0000000110
rectangle
0000000000
0001111110
0001000010
0001000010
0001000000
0001000010
0001000010
0001000010
0001101110
0000110000
rectangle
0000000000
0001111111
0001000001
0001000001
0000000001
0001000000
0001000001
0001000001
0001110001
0000001111
rectangle
0000000000
0000000000
0001111111
0001000001
0001000001
0001000001
0001000001
0001000001
0001000000
0001111111
rectangle
0000000000
0000000011
0001111101
0001000001
0001000001
0001000001
0001000001
0001000001
0001000011
0001111110
rectangle
0000000000
0000000010
0000111111
0001000001
0001000001
0001000001
0001000001
0001000001
0001111111
0000000000
rectangle
1111111000
1000001000
1000001000
1000001000
1000000000
1000001000
1000001000
1111111000
0000000000
0000000000
rectangle
0000000000
0000000000
0000000000
0000000000
0011111000
0010000100
0010000100
0010000100
0110000100
0100011100
rectangle
0000000000
0000000000
0000000000
0000000000
0111111000
0100001000
0100001000
0100001000
0100001000
0111101000
rectangle
0011111110
0010000010
0001000010
0001000001
0001111111
0000000000
0000000000
0000000000
0000000000
0000000000
rectangle
0000000000
0011111110
0010000010
0000000010
0010000000
0010000010
0000000010
0010000010
0000000001
0010001111
rectangle
0000000000
0000000000
0011110000
0010010000
0010010000
0011110000
0000000000
0000000000
0000000000
0000000000
rectangle
0000000000
0000000000
0011110000
0010010000
0011111000
0000000000
0000000000
0000000000
0000000000
0000000000
rectangle
0000000000
0000000000
0000000000
0000011000
0011111000
0010001000
0010001000
0011111000
0000000000
0000000000
rectangle
0000000000
0000000000
0011000000
0010111111
0010000001
0010000001
0010000000
0010000001
0010000011
0011111110
rectangle
0000000000
0011110000
0010011110
0010000010
0000000010
0010000010
0010000010
0010000010
0010000010
0011111110
rectangle
0000000000
0011111100
0010000011
0010000011
0010000000
0010000010
0010000010
0010000010
0011111110
0011000010
rectangle
0000000000
0000001100
0111111010
0100000010
0100000010
0100000010
0010000010
0010000010
0010000010
0011111100
rectangle
0000001110
0011111110
0010000010
0010000010
0010000010
0010000010
0010000010
0010000010
0010000010
0011111110
rectangle
0000000000
0000000000
0000000000
0011111110
0010000010
0010000010
0010000010
0010000010
0010000010
0011111110
rectangle
0000000000
0000000000
0000000000
0000000000
0011111100
0010000100
0010000100
0010000100
0010000100
0011111100
triangle
0000000000
0000001100
0000110100
0001000100
0010000100
0011000100
0000111100
0000001100
0000000000
0000000000
triangle
0000000000
0000011000
0000101000
0001001000
0110001000
0011001000
0001101000
0000111000
0000000000
0000000000
triangle
0000000000
0000001000
0000111000
0001100100
0001000100
0110000100
0010000100
0001100100
0000011100
0000000100
triangle
0000000000
0000000110
0000000110
0000011010
0000110010
0001000010
0011000010
0011100010
0000010010
0000001110
triangle
0000000100
0000001100
0000010100
0000100100
0011000100
0110000100
0011100000
0000110100
0000001100
0000000000
triangle
0000111000
0001101000
0010001000
0110001000
0100000100
0010000100
0001100100
0000011100
0000001100
0000000000
triangle
0000001100
0000011100
0000010100
0001100100
0011000100
0110000100
0001100100
0000110100
0000001100
0000000000
triangle
0000000000
0000001000
0000111000
0000100000
0001001000
0010001000
0110000100
0110000100
0001100100
0000011100
triangle
0000101000
0001001000
0010001000
0110000000
0100001000
1100001000
0110001000
0001101000
0000011000
0000000000
triangle
0000001100
0000011100
0000100100
0001000100
1110000000
0100000100
0010000100
0001100100
0000111100
0000000000
triangle
0000001100
0000010100
0000010100
0000100100
0011000000
0100000100
0110000100
0011000100
0000110100
0000011100
triangle
0000001000
0000011100
0000010100
0000100100
0001000100
0111000100
0110000000
0011000100
0001100100
0000011100
triangle
0000001000
0000011000
0000101000
0001000000
0001001000
0010001000
0110001000
0100001000
0110001000
0001101000
triangle
0000000000
0000000010
0000000110
0000001001
0000010001
0000100001
0011000000
0000100001
0000011001
0000000111
triangle
0000000000
0000011000
0001101000
0001001000
0110001000
1100001000
1110001000
0001001000
0000111000
0000000000
triangle
0000110000
0001010000
0010000000
0100010000
0100010000
1000010000
1000010000
0110010000
0001110000
0000010000
triangle
0000011000
0000011000
0000101000
0001000000
0010001000
0110001000
1100001000
1000001000
1110001000
0001111000
triangle
0000010000
0000100100
0001000100
0010000100
0110000000
0111000100
0000100100
0000100100
0000011100
0000001000
triangle
0000001100
0000010100
0000100100
0001000100
0011000000
0110000100
0011000100
0001100100
0000011100
0000000000
triangle
0000000000
0000011000
0000101000
0001001000
0001001000
0010001000
0011001000
0001001000
0000101000
0000111000
triangle
0000001010
0000010000
0000010010
0000100100
0001000000
0010000100
0110000100
0001000100
0000100000
0000010100
triangle
0000011000
0000111000
0000101000
0001001000
0010001000
0010000000
0010001000
1100001000
1100001000
0011001000
triangle
0000001100
0000011100
0000110100
0001000000
0001000100
0010001000
0110001000
0111000000
0000101000
0000111000
triangle
0000001100
0000010100
0000100100
0000000100
0001000000
0001000100
0010000100
0011000000
0001101000
0000011000
triangle
0000011100
0000110100
0000100100
0001000000
0001000100
0010000100
0110000000
0011000100
0000100100
0000111000
triangle
0000000000
0000000000
0011111110
0001000010
0000100010
0000010010
0000001010
0000000110
0000000010
0000000000
triangle
0000000000
0000001100
0011110100
0001100010
0000110010
0000001010
0000001110
0000000000
0000000000
0000000000
triangle
0000000000
0000000110
0011111010
0011000010
0001000010
0000110010
0000001010
0000001110
0000000010
0000000000
triangle
0000000000
0000000000
0000000000
0000000100
0000001100
0000011100
0000010100
0000100100
0001000100
0011111110
triangle
0000000000
0000000000
0000000000
0000001100
0000011100
0000110100
0001100100
0011000100
0011000100
0011111100
triangle
0000000000
0000011100
0000110100
0001100100
0011000100
0001100100
0000010100
0000001100
0000000000
0000000000
triangle
0000000000
0000001100
0000011100
0000100100
0011000100
0110000100
0011000100
0000110100
0000001100
0000000000
triangle
0000000000
0000000000
0000011100
0000110100
0000100100
0011000100
0110000100
0011100100
0000011100
0000000000
triangle
0000000000
0000000000
0000001100
0000011100
0000100010
0011000000
0110000010
0110000010
0011100010
0000111110
rectangle
0000000000
0000000000
0000000000
0011111100
0010000100
0010000100
0010000100
0011111100
0000000000
0000000000
end