6, 5, 5, 3
0 0 28.8062
0 1 -5.42758
0 2 -3.9202
0 3 -4.18797
0 4 -3.40517
0 5 3.33269
0 6 11.3031
0 7 -12.6227
0 8 -18.7214
0 9 27.8759
0 10 24.8806
0 11 4.63956
0 12 -0.526663
0 13 12.1756
0 14 15.333
0 15 24.1614
0 16 -13.8322
0 17 5.43371
0 18 4.97457
0 19 -3.95581
0 20 -14.356
0 21 8.38292
0 22 5.23569
0 23 -2.13844
0 24 8.53856
0 25 31.5729
0 26 -6.38437
0 27 -7.48526
0 28 1.97168
0 29 -1.46764
1 0 -3.11622
1 1 5.28374
1 2 2.7555
1 3 -2.98638
1 4 1.28704
1 5 17.0876
1 6 -7.00589
1 7 -13.8516
1 8 0.548371
1 9 -4.23155
1 10 12.6366
1 11 -9.43433
1 12 -11.1007
1 13 7.33059
1 14 -8.40513
1 15 -15.8705
1 16 8.38473
1 17 -9.4236
1 18 -3.68117
1 19 0.614069
1 20 1.67532
1 21 18.8554
1 22 6.973
1 23 1.64386
1 24 2.49066
2 0 -10.4972
2 1 10.1121
2 2 4.12778
2 3 -9.42703
2 4 -13.3544
2 5 13.8795
2 6 -8.22612
2 7 8.28393
2 8 2.92298
2 9 -13.0012
2 10 -5.15525
2 11 -2.16967
2 12 8.23613
2 13 -15.2394
2 14 -6.06071
-
0 0 -27.79
0 1 10.7516
0 2 -5.80302
0 3 -1.61682
0 4 -5.72447
0 5 13.9402
1 0 2.95358
1 1 -4.78356
1 2 -1.60354
1 3 -2.89585
1 4 7.00917
2 0 5.22885
2 1 7.92629
2 2 -2.81222
2 3 11.2718
2 4 -2.54167
3 0 1.10629
3 1 -14.6689
3 2 -17.3876
