6, 5, 5, 3
0 0 29.3396
0 1 -4.52371
0 2 -4.51072
0 3 -2.94763
0 4 -4.72249
0 5 1.97062
0 6 10.7911
0 7 -12.1028
0 8 -19.0563
0 9 29.0693
0 10 25.8034
0 11 3.82225
0 12 -1.56225
0 13 13.3144
0 14 16.0607
0 15 24.2937
0 16 -14.5446
0 17 7.20172
0 18 5.14015
0 19 -5.19221
0 20 -12.3486
0 21 8.12675
0 22 3.76803
0 23 -1.85638
0 24 9.08889
0 25 30.5747
0 26 -7.56938
0 27 -8.9813
0 28 1.01822
0 29 -1.96494
1 0 -4.00268
1 1 2.89197
1 2 2.64418
1 3 -3.96726
1 4 1.09095
1 5 18.0314
1 6 -6.09984
1 7 -13.6806
1 8 0.351352
1 9 -3.1796
1 10 13.7705
1 11 -9.10325
1 12 -10.1941
1 13 8.44716
1 14 -7.19016
1 15 -17.9878
1 16 9.01006
1 17 -7.5544
1 18 -3.44581
1 19 1.74859
1 20 1.47458
1 21 18.1015
1 22 7.67462
1 23 3.08356
1 24 2.30321
2 0 -9.77245
2 1 9.9732
2 2 3.54915
2 3 -9.85696
2 4 -13.6698
2 5 15.0551
2 6 -8.41507
2 7 7.83471
2 8 2.72166
2 9 -12.9939
2 10 -6.60911
2 11 -0.428923
2 12 8.59113
2 13 -15.7216
2 14 -5.85349
-
0 0 -26.2904
0 1 10.5409
0 2 -4.59309
0 3 -1.51769
0 4 -6.02167
0 5 14.2337
1 0 3.743
1 1 -4.57025
1 2 -2.53269
1 3 -5.04505
1 4 8.14586
2 0 4.12287
2 1 7.01309
2 2 -2.56849
2 3 12.1451
2 4 -1.97193
3 0 1.79209
3 1 -13.3796
3 2 -17.6851
