6, 5, 5, 3
0 0 30.54
0 1 -4.5667
0 2 -4.26183
0 3 -1.04859
0 4 -4.50958
0 5 1.82357
0 6 10.9368
0 7 -12.1045
0 8 -19.0656
0 9 28.118
0 10 24.9917
0 11 2.85493
0 12 0.385412
0 13 12.5773
0 14 17.5422
0 15 23.2904
0 16 -16.1916
0 17 8.303
0 18 3.72905
0 19 -6.70205
0 20 -12.5906
0 21 8.02265
0 22 2.02034
0 23 -2.3826
0 24 9.986
0 25 29.6178
0 26 -6.36042
0 27 -8.16722
0 28 1.89443
0 29 -2.40839
1 0 -3.96269
1 1 4.28982
1 2 2.25471
1 3 -3.18008
1 4 0.000292378
1 5 18.9363
1 6 -7.23484
1 7 -13.8926
1 8 -1.02409
1 9 -3.19432
1 10 14.0239
1 11 -10.2321
1 12 -10.7668
1 13 9.48844
1 14 -7.25319
1 15 -17.8021
1 16 8.95608
1 17 -8.08737
1 18 -4.37677
1 19 1.39385
1 20 1.70713
1 21 18.0455
1 22 6.38849
1 23 1.66505
1 24 3.34676
2 0 -9.01679
2 1 10.3365
2 2 0.997345
2 3 -10.4451
2 4 -13.5117
2 5 14.727
2 6 -8.75316
2 7 8.44701
2 8 3.33119
2 9 -11.95
2 10 -6.35715
2 11 -2.06813
2 12 8.30237
2 13 -14.1836
2 14 -4.55928
-
0 0 -26.7787
0 1 10.1286
0 2 -4.86758
0 3 -1.57471
0 4 -6.8798
0 5 15.1881
1 0 4.05996
1 1 -5.01782
1 2 -4.26328
1 3 -6.00428
1 4 7.58088
2 0 5.86102
2 1 6.56194
2 2 -1.64779
2 3 12.3007
2 4 -2.47019
3 0 2.72366
3 1 -13.4571
3 2 -16.8779
