6, 5, 5, 3
0 0 31.3309
0 1 -2.24602
0 2 -4.55697
0 3 -2.52858
0 4 -6.22038
0 5 2.14587
0 6 10.5791
0 7 -13.3589
0 8 -17.5219
0 9 27.3285
0 10 23.6673
0 11 3.4482
0 12 -1.45215
0 13 13.7031
0 14 18.1506
0 15 21.6935
0 16 -17.4729
0 17 7.02973
0 18 2.01327
0 19 -6.12505
0 20 -12.3145
0 21 7.91272
0 22 4.44483
0 23 -3.01071
0 24 10.5165
0 25 30.4473
0 26 -4.68556
0 27 -6.84336
0 28 0.506436
0 29 -4.65323
1 0 -2.45365
1 1 2.92938
1 2 -0.595116
1 3 -2.15204
1 4 -2.34654
1 5 19.4722
1 6 -4.63628
1 7 -11.8661
1 8 -0.584502
1 9 -1.33496
1 10 13.9042
1 11 -10.394
1 12 -11.7778
1 13 7.74355
1 14 -6.54836
1 15 -15.4633
1 16 9.49739
1 17 -7.76152
1 18 -6.75724
1 19 3.4543
1 20 4.62838
1 21 14.7946
1 22 6.07754
1 23 1.57063
1 24 3.69794
2 0 -8.93747
2 1 10.8523
2 2 -0.681662
2 3 -11.7557
2 4 -13.081
2 5 16.6455
2 6 -9.13226
2 7 9.56672
2 8 3.25763
2 9 -12.7249
2 10 -6.64692
2 11 -2.69097
2 12 10.5778
2 13 -14.2273
2 14 -3.80034
-
0 0 -26.6304
0 1 9.50165
0 2 -6.31466
0 3 0.16893
0 4 -7.17399
0 5 17.1546
1 0 6.55208
1 1 -6.15108
1 2 -4.60972
1 3 -7.07715
1 4 7.31501
2 0 7.83257
2 1 8.36315
2 2 -1.45163
2 3 12.7111
2 4 -1.99499
3 0 3.10207
3 1 -12.835
3 2 -16.3941
